00
00
00
00
00
00
00
00
00
00
00
00
00
00
00
00
00
00
00
00
00
00
00
00
00
00
00
00
00
00
00
00
00
00
00
00
00
00
00
00
00
00
00
00
01
01
00
01
01
01
01
00
00
00
00
00
00
00
00
00
00
00
00
00
00
00
00
00
00
00
00
00
00
00
00
00
00
00
00
00
00
00
00
01
00
00
00
00
00
00
00
00
00
00
00
00
00
00
00
00
00
00
00
00
00
00
01
00
1c
39
4a
47
3b
2d
0e
00
00
00
00
00
00
00
00
00
00
00
00
00
00
00
00
00
00
00
00
00
00
01
00
38
6b
70
75
79
76
6e
60
28
00
01
00
00
00
00
00
00
00
00
00
00
00
00
00
00
00
00
00
00
01
00
13
67
73
7b
80
7f
79
6e
63
64
25
00
01
00
00
00
00
00
00
00
00
00
00
00
00
00
00
00
00
00
01
00
3e
6a
6c
75
77
75
73
67
55
4e
3f
08
00
00
00
00
00
00
00
00
00
00
00
00
00
00
00
00
00
01
00
16
61
62
62
63
65
63
5e
60
50
47
3e
24
00
01
00
00
00
00
00
00
00
00
00
00
00
00
00
00
00
02
00
4c
de
c3
5c
64
c7
e2
81
5b
52
43
36
2e
00
00
00
00
00
00
00
00
00
00
00
00
00
00
00
00
00
02
02
6e
db
bd
60
71
e9
f9
b3
56
50
38
2d
32
06
00
00
00
00
00
00
00
00
00
00
00
00
00
00
00
01
00
00
3a
3a
34
55
52
64
5c
61
60
4f
36
27
33
0c
00
00
00
00
00
00
00
00
00
00
00
00
00
00
00
00
00
28
5d
74
7b
79
66
48
42
4f
59
4c
36
25
2a
09
00
00
00
00
00
00
00
00
00
00
00
00
00
01
00
1b
70
a6
b9
cc
cf
c5
bc
b3
a5
85
56
47
35
2a
2c
07
00
00
00
00
00
00
00
00
00
00
00
00
00
02
00
2f
9b
b2
c0
c0
bf
ba
b2
99
6d
5f
59
48
3d
38
3b
08
00
00
00
00
00
00
00
00
00
00
00
00
00
00
00
00
14
31
53
9d
b9
b2
a5
7a
5d
58
54
4d
49
45
47
23
00
01
00
00
00
00
00
00
00
00
00
00
00
00
00
01
00
00
87
f5
fb
f9
f7
f6
e5
a0
57
4e
4d
45
42
3c
0d
00
01
00
00
00
00
00
00
00
00
00
00
00
01
02
00
52
f6
ff
fe
ff
ff
ff
ff
fd
bf
55
49
42
40
44
2d
06
00
00
00
00
00
00
00
00
00
00
00
01
00
00
21
bd
ff
fc
fe
ff
ff
fe
f9
f2
f6
a1
3f
3d
37
49
41
26
02
00
00
00
00
00
00
00
00
00
00
00
06
37
63
ee
fe
fd
fe
ff
ff
fd
f7
f0
ed
d9
55
34
2f
3d
4f
43
20
00
01
00
00
00
00
00
00
01
01
16
57
4c
86
ff
fd
fe
fe
ff
ff
fa
f4
ee
e7
e6
75
2d
2e
26
3b
46
3b
18
00
00
00
00
00
00
01
00
05
4e
50
3c
c7
ff
fc
fe
fe
ff
fc
f6
f1
eb
e3
e8
7e
29
2c
28
26
35
3c
37
18
00
00
00
00
00
00
06
1d
34
39
32
ca
f3
fe
fe
ff
fe
f8
f2
ec
e5
e1
d3
58
1d
23
1b
24
26
2a
31
37
1c
00
00
00
03
00
4b
bd
8f
b8
6c
a7
c4
e5
ff
fe
fa
f4
ee
e8
e3
cc
ab
5f
66
29
32
24
1f
1d
1b
24
23
05
00
00
03
00
4d
cf
b4
c2
a8
b1
c0
b8
f7
fd
f6
f0
ea
e8
d0
b5
c3
a9
cd
74
ba
5a
11
28
20
0e
18
05
00
00
01
00
1b
aa
b5
b2
ac
ab
b5
9f
da
fe
f1
ed
e7
e0
ae
b3
bb
be
c4
ba
d1
4e
15
31
09
00
02
00
00
00
00
01
00
55
aa
a6
a6
a6
a7
96
cb
fb
ee
e8
e9
ba
97
ad
b2
ba
be
d2
8c
19
27
25
00
01
00
00
00
00
00
01
00
14
8e
a5
a1
a2
a4
94
c3
f6
ea
e8
d4
8e
a0
a4
a7
ad
bd
a2
2e
18
33
09
00
00
00
00
00
00
00
00
02
00
4b
a2
a2
a2
a6
99
b6
f3
e5
e4
d3
8a
9c
a5
a0
a9
97
34
1c
36
1c
00
01
00
00
00
00
00
00
00
01
00
13
8f
a7
a1
9f
84
86
eb
ec
e5
e2
c4
89
99
ab
92
44
2b
2e
17
00
00
00
00
00
00
00
00
00
00
00
00
03
2c
41
34
24
11
0e
49
66
60
53
5b
3e
4b
64
2d
18
0d
00
00
00
00
00
00
00
00
00
00
00
00
00
00
00
00
00
00
00
00
00
00
00
00
00
00
00
00
00
00
00
00
00
01
00
00
00
00
00
00
00
00
00
00
00
00
00
02
02
02
02
01
01
03
03
03
03
03
02
01
01
02
01
01
00
00
00
00
00
00
00
00
00
00
