0000
0000
0000
0000
0000
0000
0000
0000
0000
0000
0002
0002
0000
0000
0002
0000
0000
0000
0000
0000
0000
0000
0000
0000
0000
0000
0000
0000
0000
0000
0000
0000
0000
0000
0000
0000
0000
0000
0001
0000
001c
003a
002d
000e
0000
0000
0000
0000
0000
0000
0000
0000
0000
0000
0000
0000
0000
0000
0000
0000
0000
0000
0000
0000
0000
0000
0000
0001
0002
0037
00a1
00aa
0066
0025
0000
0000
0000
0000
0000
0000
0000
0000
0000
0000
0000
0000
0000
0000
0000
0000
0000
0000
0000
0000
0000
0000
0001
0002
0013
00d5
0151
00bd
004f
0024
0000
0000
0000
0000
0000
0000
0000
0000
0000
0000
0000
0000
0000
0000
0000
0000
0000
0000
0000
0000
0000
0000
0003
0001
0061
016f
0159
006b
002f
0011
0000
0000
0000
0000
0000
0000
0000
0000
0000
0000
0000
0000
0000
0000
0000
0000
0000
0000
0000
0000
0000
0001
0003
0015
00ed
0187
00bd
002b
0026
0004
0000
0000
0000
0000
0000
0000
0000
0000
0000
0000
0000
0000
0000
0000
0000
0000
0000
0000
0000
0000
0000
0004
0001
0074
01dd
0179
0000
0000
007c
007e
0000
0000
0000
0000
0000
0000
0000
0000
0000
0000
0000
0000
0000
0000
0000
0000
0000
0000
0000
0000
0000
0007
0002
0115
02f6
0189
0000
0000
0162
0184
0000
0000
0000
0000
0000
0000
0000
0000
0000
0000
0000
0000
0000
0000
0000
0000
0000
0000
0000
0000
0001
0006
0003
015c
02ca
010f
0000
0000
018c
0198
0000
0000
0000
0000
0000
0000
0000
0000
0000
0000
0000
0000
0000
0000
0000
0000
0000
0000
0000
0000
0002
0002
0028
013d
0199
0061
0000
0000
0076
0078
0000
0000
0000
0000
0000
0000
0000
0000
0000
0000
0000
0000
0000
0000
0000
0000
0000
0000
0001
0000
001b
0070
00da
013d
00f8
004c
001e
0000
0000
0000
0000
0000
0000
0000
0000
0000
0000
0000
0000
0000
0000
0000
0000
0000
0000
0000
0000
0000
0004
0000
0061
017b
01c1
0114
00a6
0049
0000
0000
0000
0000
0000
0000
0000
0000
0000
0000
0000
0000
0000
0000
0000
0000
0000
0000
0000
0000
0000
0000
0005
0000
0074
01ba
01c2
00d2
00ae
007a
0002
0000
0000
0000
0000
0000
0000
0000
0000
0000
0000
0000
0000
0000
0000
0000
0000
0000
0000
0000
0000
0000
0002
0000
002e
00c3
00e4
012a
01db
013f
0028
0000
0000
0000
0000
0000
0000
0000
0000
0000
0000
0000
0000
0000
0000
0000
0000
0000
0000
0000
0000
0000
0000
0001
0004
0013
007f
0243
0303
0156
001d
0000
0000
0000
0000
0000
0000
0000
0000
0000
0000
0000
0000
0000
0000
0000
0000
0000
0000
0000
0000
0000
0001
0002
0004
001f
015c
0351
028e
0083
0007
0000
0000
0000
0000
0000
0000
0000
0000
0000
0007
0000
0000
0000
0000
0000
0000
0000
0000
0000
0000
0000
0002
0007
0037
009e
0281
034d
013a
0006
0008
0004
0000
0000
0000
0000
0000
0000
0000
0000
0023
0021
0000
0000
0000
0000
0000
0000
0000
0000
0001
0001
0016
0062
00a3
010a
02de
028b
005c
0000
0008
0004
0000
0000
0000
0000
0000
0000
0000
0000
0017
0057
0009
0000
0000
0000
0000
0000
0000
0000
0002
0006
0078
00fd
0091
0132
02e0
01be
000c
0004
0005
0001
0000
0000
0000
0000
0000
0000
0000
0000
0000
0034
0053
0000
0000
0000
0000
0000
0000
0000
0007
0026
00df
0108
0010
01ae
02fa
0115
0008
0006
0003
0000
0000
0000
0000
0000
0000
0000
0000
0000
0000
0002
0045
0032
0000
0000
0000
0000
0000
0000
0054
00fb
00ee
007e
0000
0188
029d
00db
0050
001d
0000
0000
0000
0000
0000
0000
0000
0000
0000
0000
0000
0000
0010
001b
0014
0000
0000
0000
0000
0000
00e0
0266
011d
0005
0000
005e
0189
00b7
00b8
0078
0000
0000
0000
0000
0000
0000
0000
0000
0000
0000
0000
0000
0000
0000
0012
0001
0000
0000
0000
0000
00f6
0305
01ac
0000
0000
0000
0091
0040
00ce
0102
0010
0000
0000
0000
0000
0000
0000
0000
0000
0000
0000
0000
0000
0000
000e
0000
0000
0000
0000
0000
007e
0277
0245
0054
0000
0000
002b
0000
00a5
0168
0050
0000
0000
0000
0000
0000
0028
0017
0028
0000
0000
0000
0000
0000
0000
0000
0000
0000
0000
0000
001a
0165
027c
013b
0002
0000
000e
0000
008c
018b
0084
0000
0000
0000
0000
0000
004a
002e
0037
0021
0000
0000
0000
0000
0000
0000
0000
0000
0000
0000
0002
007a
020f
0215
0079
0000
000b
0000
0072
0183
00a0
0000
0000
0000
0000
003a
002d
0023
002f
0000
0000
0000
0000
0000
0000
0000
0000
0000
0000
0000
0005
0013
0132
0264
0155
000f
0003
0000
0026
017d
00eb
0000
0000
0000
0000
0021
0031
000a
0000
0000
0000
0000
0000
0000
0000
0000
0000
0000
0000
0000
0004
0000
0070
01ec
01bd
002c
0000
0000
0000
0160
0153
0000
0000
0000
0000
0000
006e
0000
0000
0000
0000
0000
0000
0000
0000
0000
0000
0000
0000
0000
0001
0000
0018
00e7
0110
0022
0000
0000
0000
00d7
0116
0028
0000
0000
0000
0000
006e
0000
0000
0000
0000
0000
0000
0000
0000
0000
0000
0000
0000
0000
0000
0000
0003
002e
0040
0008
0000
0000
0000
003a
005a
0017
0000
0000
0000
0000
0025
0000
0000
0000
0000
0000
0000
0000
0000
0000
0000
0000
0000
0000
