002f
0000
0287
0000
0000
01c7
02d3
018a
0000
0000
00c3
0000
0000
0000
002b
0000
0000
0029
0099
0072
0000
0000
0000
0000
0000
01fd
026f
0000
0000
0000
0000
0000
01e8
0000
0000
0024
0311
024b
0000
0000
0038
0000
002d
0032
0000
0000
0000
006b
00bb
0000
0000
0000
0000
0000
0000
0259
0256
0000
003e
0000
0000
0000
0088
0181
0000
0000
01f3
0218
0000
0000
0000
0008
00c6
003d
0000
0000
0000
006d
0062
0000
0000
0000
0000
0000
0000
021c
028c
0021
0024
0000
0000
0000
0000
025b
0012
0000
002b
00c3
0000
0000
0000
0082
00e0
0030
0000
0000
0000
0002
0000
0000
0000
0000
0038
008e
000f
0001
0174
018f
003f
0000
0000
0000
0000
02c7
0089
0000
0000
007d
0000
0000
0000
00e1
00db
001f
0000
0000
0000
0000
0000
0000
0025
0070
00b4
01b7
00a0
0000
0000
01b1
01a5
0000
0000
0004
0000
0243
0177
0000
008f
0097
0000
0000
0000
011d
00de
0003
0022
001e
0000
0000
0000
0000
0199
01f0
00a9
0136
0000
0000
0000
0000
020d
0061
0000
0025
003f
0138
0000
0000
0254
0065
0000
0000
0000
00e0
00b6
0005
0056
0054
0000
0000
0000
0000
01c3
02bf
004b
0064
0000
0000
016f
0000
00d6
00e1
011e
0000
0123
0222
0000
0000
0260
0000
0000
0000
0000
0043
0151
003d
0000
0078
0000
0000
0000
0000
011c
0210
0000
0033
0000
0057
0263
0000
006b
0000
0158
0000
00d1
0296
0000
0000
01b0
0000
0000
0000
0000
0022
020a
0074
0000
0036
0000
001b
0000
0000
023e
018b
0000
0000
0016
01e1
0159
0000
0072
0000
0087
0019
0044
00cd
005d
018e
0222
0000
0000
0000
0000
0000
0102
0066
0000
0000
0029
0072
0000
0000
028e
01a9
0000
0000
007b
01be
0000
0000
001e
007e
0000
0127
009e
0050
00e0
011f
01ce
0000
0000
0000
0000
0000
0000
0000
0006
0000
005d
0050
0000
00db
00eb
00ac
0209
0059
0067
0000
0000
0000
0000
004c
0000
0096
0107
018c
00d1
0000
0107
009e
000b
0000
0000
0000
0000
0000
0013
0016
0000
0066
0000
0000
00ed
0000
01f3
02a7
0023
0000
0000
00c6
0000
0000
0000
001f
0037
01f8
01d1
0000
009b
0189
0032
0000
0000
0000
0063
00b5
0000
0000
000d
00c6
0000
0000
02a0
0044
0000
025d
0062
0000
002f
0142
0000
0000
0000
0000
0000
01fe
029e
0000
0060
017c
0000
0162
0000
0000
006c
0251
0000
0000
00bd
0000
003c
0041
0279
015b
0000
0058
009c
0000
0017
0035
0000
0000
0000
0000
0085
0255
0191
0000
0090
018f
0000
0000
0000
0000
00c7
018f
0000
0000
010c
0000
01c6
025f
0062
004a
0000
0000
002f
00eb
0000
0000
0000
0000
0000
0000
00d2
01b6
0094
0000
00d1
00a5
0000
0000
0000
00b9
0073
0000
0000
0000
00c4
001b
0220
022e
0000
0000
0000
0136
006b
0058
0000
0000
0000
0000
00ef
00c5
0000
0027
0168
0084
0025
0000
002a
0000
0000
010e
0000
0000
01ae
0000
004c
0240
00a3
0081
0000
0000
0000
0139
004f
0000
00e3
0000
0000
0000
004c
0259
0000
0000
022c
009b
0000
0000
01ef
0000
0000
00a2
0000
0000
0298
0000
0000
022a
0000
0000
0002
0009
0000
0000
0000
0000
01a6
0000
00fd
00a2
0088
01ab
0000
0009
0218
0000
0000
0009
024c
0000
0003
014b
0000
0000
00e3
0000
000c
0000
0000
002e
0050
0036
00b2
0000
0000
0000
0096
0000
01e7
018c
01c9
0000
0000
00e6
0245
0000
0000
0000
00f4
0000
00f1
016a
0098
0000
0000
009a
0098
0000
0000
0052
005f
001d
0135
0000
0000
000b
0000
0077
01a2
00da
013e
0000
0000
0056
027b
0000
0000
0000
0000
0000
00b8
0058
0123
0000
0000
00a8
00b2
0000
0000
0086
0075
0000
015b
0000
0000
0000
00b2
01ff
0159
0000
0011
005f
0000
0000
01ca
0000
0000
001e
0000
0000
0000
0000
0176
0000
0000
0043
0000
0000
005b
005a
0037
0000
017a
0000
0000
0000
014f
0211
008c
00f2
0000
0006
0000
0000
003b
0000
005d
007e
0000
0000
0000
0051
01d2
0000
0000
0000
0000
0000
0066
0000
0000
0000
00f0
0000
0000
0000
0038
0082
0000
01b2
0000
0000
003f
0000
0000
0000
0017
001e
0000
0000
0001
0147
010c
0000
0000
0000
0000
0000
0000
0000
0000
0005
0000
0000
0000
0000
0061
0079
0000
00c2
0008
0000
0000
0000
003f
0000
0000
0000
0000
0000
0188
02ba
00a1
0000
0036
0000
0000
0000
004a
0000
0000
0000
0000
0000
0000
0080
0259
016b
0000
0002
0000
0000
0000
0000
0117
0090
0059
0017
0000
0000
0086
0266
0067
0000
00cd
0000
0000
0000
0019
005f
0076
0000
0000
0000
00a3
0176
0179
00e0
0000
0000
0000
0000
0000
0000
0037
0040
023f
01f5
0000
0000
0000
0003
0000
0000
00f3
0000
0000
008a
0000
003a
00d5
0000
0000
00ad
01a9
000d
0000
0000
0000
0014
0000
0010
0000
0000
0057
0060
022c
0163
0000
0044
0000
0000
0000
0000
0068
0040
0000
00cf
0104
0000
0000
0000
0000
019b
00df
0000
0000
0000
0029
0136
002b
0000
0000
0051
0266
009e
0000
0000
0000
005b
0000
0000
0039
000f
0013
0014
0000
0051
00f1
0000
0000
0000
0000
00b0
0000
0000
0000
0000
00cb
0170
0015
0000
0034
023a
01e3
0000
0000
0000
0000
0023
0000
000f
0000
0000
0000
0000
0000
0012
002c
0011
0000
0000
0000
0000
0000
0009
0000
019a
01b9
0000
